%YAML:1.0
---
model_type: KANNALA_BRANDT
camera_name: camera
image_width: 640
image_height: 480
projection_parameters:
   k2: 1.7280355035195181e-02
   k3: -2.5505200860040985e-02
   k4: 2.2621441637715487e-02
   k5: -7.3355871719731113e-03
   mu: 2.7723712054408202e+02
   mv: 2.7699784668734617e+02
   u0: 3.3625356873985868e+02
   v0: 2.3603924727453901e+02
